6313 3558.0
1558 1022.0
6127 2824.0
4495 3971.0
2229 2152.0
2547 175.0
4500 2049.0
1366 1343.0
5388 894.0
3221 1336.0
1415 521.0
1377 3728.0
2990 1570.0
897 1403.0
7015 3162.0
7368 1669.0
1912 1415.0
1259 743.0
782 3235.0
1213 317.0
886 1062.0
8043 1136.0
898 1739.0
3087 802.0
4158 2465.0
862 1004.0
671 2240.0
510 3707.0
3175 1345.0
912 292.0
752 1501.0
1519 1415.0
4530 231.0
1240 1126.0
4509 2030.0
8024 5558.0
5080 165.0
1265 383.0
1606 1122.0
4970 134.0
868 904.0
3511 2025.0
5635 2369.0
704 2476.0
4280 81.0
2374 1217.0
1062 1244.0
3298 1302.0
3596 2564.0
8020 1616.0
8021 1614.0
3123 435.0
2198 182.0
1894 202.0
1461 229.0
1429 383.0
3780 859.0
4615 1676.0
4289 898.0
4415 2623.0
6794 1734.0
511 5895.0
139 3230.0
160 3229.0
156 2688.0
753 1259.0
1369 574.0
6981 600.0
1394 1295.0
7065 43.0
6121 2434.0
677 1594.0
4408 344.0
3229 2026.0
7279 1458.0
6205 203.0
5632 1764.0
1286 98.0
736 28.0
678 1439.0
1724 413.0
676 719.0
1282 203.0
1146 1775.0
3632 364.0
828 173.0
2622 330.0
3176 1748.0
5637 2231.0
1266 2100.0
2356 2750.0
3124 1661.0
2424 1633.0
3346 210.0
1298 184.0
1281 2221.0
3559 159.0
3302 2038.0
1243 2113.0
1378 456.0
771 394.0
3315 2023.0
758 401.0
4942 101.0
3389 2263.0
5500 116.0
4685 1424.0
7302 2134.0
6536 1398.0
3160 631.0
6855 225.0
523 241.0
3696 1864.0
1920 1274.0
2398 385.0
524 241.0
5206 1529.0
4991 679.0
6273 1859.0
8038 2172.0
8532 1083.0
131 1503.0
120 1517.0
9176 183.0
119 2407.0
9514 1146.0
9858 678.0
100 2006.0
4633 1238.0
7484 365.0
4229 526.0
6858 851.0
1841 632.0
4354 178.0
7032 416.0
3417 707.0
4634 1664.0
6211 1777.0
2137 2114.0
1358 944.0
1048 1236.0
6527 1660.0
7710 755.0
722 3109.0
5973 1449.0
6182 330.0
1212 540.0
6554 278.0
2792 2312.0
6749 222.0
3791 1409.0
8039 1018.0
1963 2371.0
5238 358.0
1179 438.0
2200 743.0
3609 118.0
6519 214.0
1141 112.0
6843 394.0
4534 622.0
1765 1515.0
5993 982.0
1419 902.0
7091 17.0
709 20.0
5608 33.0
1718 2.0
3141 87.0
7538 2.0
5108 8.0
5023 1835.0
1798 524.0
2668 166.0
679 1873.0
2886 365.0
3717 575.0
3890 387.0
3332 394.0
2772 2788.0
7614 144.0
4275 271.0
5442 2208.0
7444 1590.0
6511 471.0
5647 427.0
6349 1474.0
818 485.0
3108 350.0
2380 522.0
1751 1333.0
6716 1203.0
3633 677.0
1350 3310.0
1353 479.0
7481 496.0
2512 467.0
122 2413.0
819 188.0
4525 89.0
2527 1872.0
6917 187.0
1501 1000.0
889 345.0
3975 289.0
3209 1185.0
3152 634.0
816 891.0
2965 351.0
5998 804.0
6150 29.0
6303 212.0
3292 581.0
3119 576.0
5186 366.0
4873 21.0
6525 256.0
2731 130.0
6639 198.0
7030 634.0
8164 34.0
809 2869.0
123 1329.0
6172 137.0
7028 865.0
8132 75.0
1046 78.0
7608 784.0
5052 1815.0
4906 553.0
1856 259.0
2183 217.0
1147 133.0
5178 686.0
1392 664.0
4496 606.0
7953 640.0
113 2746.0
2832 77.0
4767 43.0
4277 63.0
6662 665.0
3667 170.0
8932 26.0
114 2750.0
6206 2098.0
5260 263.0
852 351.0
7519 843.0
1057 989.0
3300 3575.0
1621 928.0
6362 1519.0
3121 248.0
5480 395.0
4948 224.0
2097 250.0
2044 257.0
1538 65.0
3694 123.0
4568 1143.0
5072 480.0
6257 719.0
5093 528.0
2755 281.0
130 499.0
118 1610.0
8113 100.0
6867 381.0
1957 194.0
981 35.0
3173 1016.0
4919 135.0
3079 134.0
6171 758.0
1221 929.0
1159 82.0
3309 1537.0
6284 325.0
2658 1450.0
3835 666.0
8338 338.0
8150 666.0
11281 315.0
8129 265.0
9389 121.0
8160 452.0
6752 503.0
9826 50.0
8152 210.0
519 1363.0
1986 7.0
1962 584.0
520 1356.0
2201 1608.0
1770 690.0
10168 429.0
142 232.0
12363 343.0
136 639.0
134 318.0
2582 632.0
7938 1262.0
3564 120.0
2798 405.0
5543 1125.0
4638 2859.0
3136 385.0
5509 336.0
978 1863.0
2434 1483.0
2552 2156.0
151 8.0
144 29.0
157 9.0
146 10.0
167 5.0
7521 796.0
7344 1924.0
2970 1876.0
4934 864.0
712 1200.0
913 548.0
1728 951.0
1139 1466.0
4522 401.0
6879 504.0
2119 772.0
2339 803.0
4294 1133.0
2205 961.0
6496 430.0
4660 78.0
7517 1120.0
5016 421.0
1333 706.0
4262 32.0
5862 300.0
2179 943.0
802 334.0
5125 265.0
4868 250.0
11832 1243.0
1762 1146.0
3291 491.0
2669 19.0
1184 1438.0
2967 496.0
1914 774.0
1039 407.0
2466 659.0
1032 157.0
6549 175.0
784 652.0
7269 1069.0
7768 1250.0
5175 103.0
2768 1297.0
3358 43.0
1525 1037.0
6174 284.0
6100 185.0
7044 2.0
6262 1135.0
7361 777.0
1842 866.0
991 752.0
3149 497.0
1398 867.0
2159 619.0
5152 92.0
4567 2201.0
5645 1213.0
3978 64.0
749 213.0
6237 305.0
7539 627.0
3216 31.0
943 1224.0
3724 499.0
6851 320.0
6882 942.0
7427 123.0
1403 731.0
4363 152.0
2533 874.0
6900 499.0
2128 827.0
2961 334.0
1343 293.0
4761 802.0
4554 2277.0
2157 1665.0
1925 635.0
3837 1110.0
2900 1301.0
3000 421.0
7415 223.0
3833 829.0
6963 192.0
2746 1944.0
2785 523.0
1399 913.0
5474 639.0
1169 1057.0
5221 994.0
3582 1798.0
3539 1030.0
1154 465.0
6250 836.0
6365 297.0
4935 304.0
3097 77.0
1041 90.0
1162 359.0
3131 230.0
6722 292.0
2414 175.0
6523 32.0
1021 77.0
1690 742.0
3189 1163.0
1058 1329.0
7546 561.0
6734 339.0
125 713.0
2207 870.0
3644 164.0
1044 595.0
1357 838.0
6908 246.0
4684 419.0
807 329.0
1822 931.0
4212 1562.0
4507 1257.0
3249 3.0
6960 134.0
2164 154.0
6888 338.0
3085 339.0
2898 973.0
6626 29.0
7401 178.0
1168 828.0
2208 725.0
7092 70.0
6185 251.0
5579 107.0
4617 200.0
2135 306.0
121 212.0
2861 56.0
135 95.0
4276 43.0
4692 224.0
5226 26.0
124 1127.0
2182 129.0
4923 788.0
7547 414.0
5143 323.0
6724 6.0
3428 762.0
6134 698.0
8692 77.0
8108 224.0
934 163.0
8496 33.0
11520 8.0
8252 58.0
2130 576.0
3146 317.0
111 204.0
12990 97.0
161 55.0
6745 386.0
7107 65.0
2099 295.0
2902 95.0
3017 25.0
2204 70.0
7514 252.0
4412 935.0
6865 346.0
2218 887.0
2823 210.0
3593 37.0
2769 665.0
2682 252.0
976 554.0
5147 728.0
763 748.0
6920 64.0
2405 493.0
1051 936.0
1754 148.0
6213 400.0
2518 453.0
7271 493.0
6956 1333.0
5728 769.0
2797 688.0
1084 337.0
7941 58.0
1305 592.0
924 1468.0
4989 744.0
7353 402.0
8110 440.0
5258 156.0
7442 870.0
6282 634.0
3270 111.0
1347 635.0
4997 720.0
4706 221.0
792 253.0
2125 10.0
5215 184.0
2593 398.0
1695 166.0
5061 460.0
1752 295.0
2238 91.0
2251 65.0
2791 325.0
3634 365.0
2147 338.0
1257 154.0
7115 56.0
1164 1062.0
6868 1143.0
3712 12.0
7431 763.0
2094 492.0
966 65.0
127 670.0
126 784.0
129 371.0
7626 67.0
3714 67.0
12108 12.0
9280 12.0
128 375.0
9586 15.0
8175 68.0
12905 704.0
5244 135.0
5826 139.0
3737 79.0
3109 87.0
1824 26.0
7621 340.0
8214 34.0
13353 12.0
1071 1253.0
3680 919.0
3065 12.0
856 570.0
8195 138.0
8159 497.0
5591 122.0
3447 46.0
5408 362.0
8135 178.0
8157 497.0
4192 1214.0
5682 133.0
5634 12.0
3859 20.0
5726 12.0
5976 12.0
3996 178.0
8158 227.0
3738 51.0
2450 68.0
3800 571.0
2345 93.0
2595 1261.0
3296 37.0
3681 1219.0
4628 102.0
5195 1162.0
6268 466.0
844 430.0
5401 175.0
3763 38.0
1100 38.0
3938 445.0
5227 208.0
1003 214.0
2154 255.0
7360 220.0
1066 438.0
7036 293.0
1072 960.0
5445 466.0
1001 1176.0
3381 1365.0
6117 750.0
2697 1018.0
4565 730.0
2695 201.0
3449 57.0
5498 113.0
4142 919.0
4372 206.0
1469 332.0
6889 460.0
5839 274.0
745 299.0
4960 72.0
4206 40.0
2714 164.0
5265 427.0
5044 36.0
1059 1407.0
7402 568.0
684 670.0
2692 647.0
7544 75.0
2770 255.0
6324 738.0
6887 389.0
5097 75.0
3454 703.0
5087 145.0
7274 784.0
6306 34.0
6656 77.0
3301 44.0
1351 222.0
2347 600.0
6028 35.0
4635 137.0
1713 427.0
3130 65.0
2642 575.0
5375 70.0
1927 466.0
7382 79.0
1921 726.0
2349 112.0
5584 27.0
4606 8.0
2829 39.0
7770 343.0
1743 101.0
7003 46.0
1529 76.0
7478 470.0
4881 261.0
2555 17.0
793 469.0
1315 406.0
3060 830.0
2802 944.0
1216 246.0
1555 683.0
2421 190.0
1476 29.0
1565 32.0
7697 50.0
791 63.0
2399 1621.0
3299 996.0
6629 551.0
5378 21.0
6243 341.0
4529 198.0
3177 731.0
5050 87.0
7972 217.0
4021 348.0
6263 103.0
6158 268.0
5391 370.0
7106 266.0
2853 126.0
6244 827.0
3362 574.0
6743 58.0
4311 1127.0
3022 197.0
1756 157.0
2430 60.0
2100 304.0
4707 1145.0
1061 53.0
4825 692.0
2346 148.0
738 374.0
4852 950.0
3064 190.0
7591 420.0
2396 86.0
3419 476.0
6516 434.0
1545 232.0
5018 1012.0
8176 64.0
2395 301.0
117 231.0
8241 127.0
5857 329.0
3313 678.0
6546 399.0
3760 205.0
6307 242.0
7674 168.0
2152 102.0
7534 111.0
855 917.0
3636 170.0
4031 190.0
5511 770.0
969 159.0
4680 992.0
9160 121.0
1094 193.0
6854 87.0
2529 116.0
2213 154.0
4747 27.0
891 484.0
3295 103.0
7029 132.0
1456 118.0
5836 119.0
3862 148.0
7804 23.0
4472 521.0
1862 667.0
7426 35.0
7031 31.0
3926 690.0
7370 560.0
2537 383.0
2431 179.0
5471 205.0
1440 993.0
2428 354.0
4542 425.0
5964 88.0
6818 450.0
6655 233.0
7606 77.0
3773 65.0
6240 606.0
7965 224.0
3789 54.0
1872 181.0
1217 734.0
3314 12.0
7513 120.0
6291 445.0
2994 269.0
5440 535.0
9153 183.0
8544 227.0
11348 17.0
2415 213.0
2233 1133.0
7392 699.0
5735 998.0
4240 299.0
3785 359.0
10775 363.0
12770 89.0
8144 479.0
8125 254.0
4639 177.0
5390 331.0
2054 280.0
6011 380.0
2117 209.0
4670 101.0
3683 305.0
5374 18.0
4490 4.0
7136 37.0
3446 33.0
3312 43.0
1848 56.0
3799 6.0
3553 7.0
5522 120.0
5709 163.0
4486 31.0
4676 25.0
4958 300.0
5380 9.0
4788 23.0
3572 40.0
3822 31.0
5001 17.0
5085 4.0
5481 81.0
6295 59.0
7397 503.0
6283 596.0
5262 77.0
8124 125.0
8290 18.0
5436 18.0
6358 6.0
6803 26.0
3659 94.0
3126 379.0
5224 8.0
1999 254.0
4236 16.0
6880 509.0
3664 5.0
5873 4.0
6835 134.0
3836 133.0
3777 7.0
4097 7.0
952 126.0
777 31.0
7631 255.0
1086 444.0
6310 437.0
6161 71.0
2139 95.0
2548 161.0
7937 293.0
4562 345.0
4051 125.0
826 102.0
5576 15.0
5738 75.0
4508 102.0
7000 207.0
5409 3.0
672 38.0
6994 80.0
7005 3.0
734 53.0
688 5.0
3501 3.0
4179 15.0
719 197.0
2407 109.0
3867 496.0
5663 362.0
6241 65.0
3641 609.0
2456 766.0
6359 670.0
3613 850.0
8284 179.0
2644 743.0
881 47.0
5679 249.0
5424 244.0
2715 125.0
6984 3.0
6983 130.0
1715 11.0
3599 19.0
3524 19.0
7087 307.0
857 838.0
5131 166.0
2228 191.0
3861 244.0
3180 602.0
1726 279.0
1372 264.0
4124 136.0
2162 46.0
8674 15.0
10949 15.0
8179 80.0
8336 15.0
8351 569.0
6913 16.0
1385 230.0
8131 130.0
7374 96.0
5240 34.0
4764 40.0
699 1375.0
5392 756.0
7288 100.0
6222 46.0
8173 374.0
8405 300.0
8177 327.0
5164 180.0
7526 362.0
4245 660.0
3118 259.0
3001 78.0
8203 170.0
673 150.0
6275 117.0
3719 28.0
3125 135.0
769 415.0
2824 59.0
1063 203.0
1993 235.0
7077 88.0
6874 134.0
3824 26.0
4026 51.0
5997 37.0
2145 297.0
5439 632.0
6217 574.0
2253 694.0
8115 147.0
3297 418.0
800 721.0
2175 291.0
4886 763.0
3255 187.0
5476 30.0
6737 262.0
4675 216.0
2146 298.0
2719 60.0
1088 77.0
7531 260.0
6863 391.0
6333 67.0
3010 27.0
5631 205.0
2526 107.0
5144 14.0
5160 18.0
3976 483.0
10138 50.0
10051 50.0
2471 280.0
8123 40.0
1546 21.0
4979 98.0
5395 58.0
5606 99.0
1495 205.0
1644 183.0
7532 9.0
979 37.0
7945 37.0
3157 150.0
7705 15.0
5455 37.0
5148 77.0
5622 69.0
6721 9.0
2402 36.0
5501 25.0
6738 66.0
4578 183.0
4558 66.0
958 78.0
3900 49.0
2382 763.0
6210 248.0
5593 78.0
5865 215.0
687 18.0
4041 24.0
6842 199.0
5204 384.0
2340 42.0
1381 28.0
5059 291.0
2215 61.0
1795 33.0
5183 348.0
3647 93.0
4197 108.0
2834 256.0
6912 474.0
2196 101.0
947 140.0
1174 18.0
977 299.0
750 185.0
1173 69.0
4080 92.0
6221 127.0
2206 360.0
5582 58.0
2590 38.0
6795 23.0
7026 75.0
4518 27.0
7637 4.0
2501 323.0
2571 227.0
6862 499.0
757 78.0
7429 35.0
2166 43.0
6857 104.0
5251 82.0
7549 215.0
1161 100.0
3174 357.0
1922 68.0
2542 110.0
2245 168.0
7027 96.0
4811 7.0
4339 6.0
5169 180.0
3709 31.0
4630 4.0
4616 4.0
6342 26.0
7273 20.0
6903 55.0
5636 133.0
882 170.0
1618 94.0
6352 33.0
1453 117.0
6901 122.0
2815 4.0
4028 25.0
6235 16.0
2111 153.0
3178 8.0
4214 4.0
6708 17.0
1526 4.0
7785 4.0
1432 4.0
1373 34.0
2867 115.0
694 47.0
3122 4.0
3080 24.0
5219 91.0
3418 76.0
7141 158.0
948 11.0
7097 25.0
6299 67.0
4193 6.0
4261 31.0
6632 32.0
7432 104.0
3748 81.0
5110 10.0
1295 364.0
5017 4.0
2873 4.0
7043 4.0
4519 4.0
2758 5.0
6659 35.0
4844 487.0
7389 53.0
3461 20.0
6649 8.0
4810 4.0
1288 64.0
2864 41.0
4413 187.0
6677 4.0
1737 182.0
5589 26.0
6672 4.0
2825 159.0
2341 10.0
3612 6.0
7971 21.0
1599 13.0
3631 33.0
7470 16.0
953 4.0
6552 52.0
1198 4.0
1143 5.0
4959 198.0
5562 35.0
6132 226.0
2807 21.0
7038 4.0
7490 16.0
3639 4.0
2814 4.0
849 347.0
6130 10.0
4821 36.0
3058 7.0
3430 30.0
3488 17.0
2957 25.0
6895 58.0
2897 59.0
2934 4.0
6364 30.0
1551 4.0
6663 6.0
2826 4.0
6909 78.0
1368 10.0
8419 24.0
8378 4.0
3560 328.0
914 68.0
5491 132.0
5489 133.0
4225 25.0
2634 26.0
4493 105.0
2783 72.0
3203 6.0
644 7.0
2087 169.0
5604 134.0
2849 37.0
3062 8.0
3043 20.0
4381 29.0
2831 4.0
4623 17.0
3819 372.0
4074 41.0
3688 20.0
2353 30.0
3092 93.0
746 75.0
3040 10.0
2357 288.0
2494 4.0
3289 8.0
847 4.0
2484 230.0
6341 42.0
6366 166.0
872 43.0
6493 10.0
2168 50.0
7051 8.0
7138 4.0
3307 24.0
4260 6.0
7148 4.0
2968 150.0
7104 4.0
7101 4.0
7373 133.0
2690 8.0
2633 4.0
7509 85.0
3556 60.0
1391 69.0
7613 15.0
3966 24.0
1267 4.0
4813 7.0
5230 161.0
6246 162.0
1463 4.0
1411 49.0
1710 49.0
2786 640.0
6651 20.0
4020 12.0
3159 4.0
4679 4.0
7497 4.0
7499 4.0
5435 9.0
3352 202.0
3102 8.0
3373 7.0
3977 4.0
3998 13.0
2816 4.0
3692 4.0
5256 4.0
2523 82.0
3519 10.0
2573 62.0
1006 169.0
7755 74.0
7761 7.0
3082 25.0
2485 261.0
5811 4.0
7540 157.0
1850 23.0
3703 4.0
6631 344.0
2462 55.0
3078 106.0
1679 63.0
1653 81.0
1402 107.0
5592 214.0
4102 151.0
1498 48.0
3075 39.0
3089 77.0
3211 222.0
2014 4.0
5545 2.0
3947 256.0
6061 81.0
5770 112.0
1365 76.0
6946 70.0
2553 485.0
2974 453.0
6153 125.0
6194 153.0
1947 161.0
5030 59.0
6201 57.0
7486 57.0
5167 62.0
4649 183.0
6180 77.0
7463 209.0
4850 440.0
3338 110.0
1029 331.0
3759 72.0
1376 244.0
1490 244.0
7962 63.0
2187 73.0
1933 63.0
3036 81.0
6162 65.0
5503 152.0
4637 150.0
3762 84.0
845 216.0
5198 149.0
1380 411.0
3274 232.0
1073 53.0
1450 25.0
7477 11.0
2223 117.0
3706 243.0
3101 128.0
877 149.0
6485 4.0
6090 10.0
3181 10.0
1149 64.0
9866 37.0
8283 21.0
10645 4.0
4674 54.0
7690 14.0
7691 26.0
3635 148.0
1253 8.0
7961 43.0
1252 183.0
3193 145.0
8406 18.0
9031 41.0
6356 149.0
6294 31.0
2936 1.0
2935 38.0
3678 310.0
8249 11.0
4060 19.0
3184 128.0
1249 139.0
8128 59.0
1285 110.0
5159 293.0
821 125.0
8143 74.0
6258 380.0
7439 84.0
2983 3.0
4049 362.0
3732 78.0
5412 248.0
10209 167.0
10200 131.0
9263 34.0
9595 42.0
3654 469.0
172 106.0
1313 135.0
5162 87.0
4999 14.0
5092 91.0
5145 109.0
1828 31.0
4266 67.0
1300 78.0
6223 244.0
1045 160.0
3250 31.0
8267 62.0
9015 7.0
8184 113.0
5031 50.0
4360 226.0
3617 142.0
1197 14.0
6841 128.0
6697 128.0
5032 137.0
11356 443.0
5156 56.0
4717 52.0
2379 131.0
4511 43.0
1772 309.0
910 39.0
2030 23.0
2454 198.0
3271 82.0
4571 18.0
4618 22.0
3797 57.0
6878 64.0
2042 113.0
1923 26.0
1988 23.0
1998 162.0
8308 38.0
4867 39.0
3823 21.0
6528 98.0
7440 5.0
1314 176.0
5627 41.0
1750 1.0
2419 104.0
3608 22.0
480 3.0
2958 22.0
2995 22.0
9204 83.0
11690 83.0
8207 77.0
108 93.0
9310 159.0
9136 161.0
9093 69.0
7132 114.0
2255 125.0
7093 44.0
2336 53.0
6125 83.0
9959 47.0
8142 78.0
8114 324.0
8136 103.0
8126 232.0
1825 242.0
5181 308.0
4296 2.0
1114 319.0
9622 39.0
11303 55.0
8199 91.0
8220 112.0
9633 26.0
10143 8.0
8315 19.0
188 30.0
10476 15.0
8601 21.0
8248 8.0
10551 8.0
8168 80.0
10267 8.0
9279 8.0
8737 8.0
9352 13.0
8426 26.0
9364 8.0
12041 8.0
8156 291.0
3723 53.0
1917 61.0
6242 203.0
6254 16.0
4986 14.0
1959 156.0
526 3.0
7396 345.0
527 3.0
7518 57.0
8965 246.0
8145 91.0
8257 32.0
5383 49.0
2805 68.0
4896 18.0
4523 27.0
2449 111.0
951 204.0
8149 70.0
8394 52.0
8185 99.0
2541 406.0
8438 31.0
8121 133.0
2956 39.0
12765 16.0
8839 20.0
8743 27.0
8503 60.0
8717 18.0
9099 40.0
808 58.0
1274 13.0
3621 172.0
1410 5.0
7376 91.0
8701 23.0
9139 23.0
5760 198.0
3623 119.0
1320 16.0
5179 150.0
6316 132.0
5472 62.0
6973 155.0
8420 17.0
8148 174.0
8122 216.0
3627 40.0
3828 60.0
1060 78.0
4900 81.0
6819 165.0
1980 124.0
8467 42.0
3513 30.0
1246 116.0
6725 24.0
3532 17.0
4922 27.0
1759 67.0
1019 131.0
8230 41.0
1030 11.0
4352 10.0
1152 73.0
5398 8.0
2852 8.0
2872 8.0
6084 16.0
5089 111.0
4089 102.0
8239 8.0
10694 8.0
9022 8.0
5901 76.0
4995 263.0
6833 58.0
6270 17.0
3868 122.0
2066 21.0
2451 174.0
6290 14.0
5158 55.0
4817 16.0
7536 49.0
3251 9.0
1280 47.0
4696 121.0
4636 63.0
6980 13.0
1587 233.0
4749 11.0
7395 4.0
4766 66.0
150 2.0
158 3.0
164 5.0
8847 32.0
12373 32.0
8485 32.0
1008 23.0
3984 224.0
4719 73.0
6929 33.0
2850 49.0
2401 7.0
909 22.0
521 95.0
8989 3.0
522 95.0
147 21.0
2949 63.0
2566 40.0
2105 39.0
5646 117.0
3578 30.0
1367 25.0
3909 23.0
3949 56.0
3959 45.0
5710 31.0
1790 17.0
3360 87.0
1503 12.0
2848 12.0
7713 5.0
7379 12.0
7542 13.0
3308 5.0
3558 5.0
1886 78.0
1255 8.0
7128 80.0
7777 74.0
6553 1.0
4134 22.0
6512 31.0
2562 29.0
4843 4.0
3287 13.0
2851 59.0
3923 61.0
4120 43.0
2521 94.0
6813 33.0
8327 3.0
13215 59.0
8302 85.0
4165 3.0
3268 3.0
3448 3.0
928 178.0
5056 27.0
6208 31.0
3563 41.0
3215 71.0
1915 28.0
3425 27.0
5550 27.0
7767 15.0
1818 53.0
7430 1.0
5245 6.0
8183 52.0
110 121.0
2918 2.0
5192 67.0
6256 160.0
1205 115.0
8153 43.0
6638 54.0
2184 63.0
7278 12.0
1757 168.0
6309 4.0
3351 67.0
733 162.0
7386 117.0
5661 35.0
3602 97.0
8140 79.0
11425 12.0
8835 12.0
8709 27.0
8852 16.0
8653 18.0
7676 27.0
6264 4.0
3477 3.0
2406 1.0
2607 38.0
675 1.0
2171 5.0
517 12.0
518 12.0
3624 25.0
8013 39.0
2774 2.0
4268 16.0
2061 15.0
1976 44.0
12601 2.0
10058 125.0
8161 196.0
7293 5.0
5541 89.0
7008 124.0
2429 76.0
8272 13.0
1815 13.0
2411 13.0
6836 39.0
7983 18.0
5978 13.0
776 17.0
8222 129.0
4592 37.0
8198 33.0
5575 53.0
10425 10.0
13252 10.0
8219 32.0
8334 4.0
8206 43.0
9071 4.0
785 41.0
3481 20.0
3204 34.0
162 23.0
8619 7.0
8370 41.0
5639 13.0
775 26.0
4697 3.0
3205 8.0
7633 14.0
1462 93.0
6733 246.0
4687 7.0
10221 31.0
148 1.0
143 11.0
145 16.0
153 2.0
1944 47.0
1603 69.0
4563 27.0
5792 54.0
6907 74.0
8363 21.0
8631 20.0
8321 18.0
8346 2.0
8521 2.0
9902 2.0
8448 23.0
12227 2.0
8221 2.0
8134 4.0
9984 2.0
9050 5.0
9039 18.0
8538 31.0
6363 7.0
7122 55.0
2954 15.0
2989 32.0
8407 10.0
8326 18.0
4035 13.0
9042 89.0
8683 37.0
8279 39.0
8325 28.0
8581 18.0
8042 49.0
472 1.0
8359 23.0
8111 69.0
2506 13.0
7061 189.0
4083 21.0
13390 5.0
8181 14.0
2544 56.0
3690 45.0
5128 5.0
1047 34.0
2641 21.0
8029 3.0
6930 23.0
5844 32.0
4273 78.0
7487 1.0
3669 120.0
5246 58.0
3658 33.0
2006 4.0
8748 18.0
9086 21.0
1902 18.0
5115 85.0
6260 74.0
940 24.0
2361 34.0
10020 16.0
7992 16.0
6515 93.0
6288 11.0
2188 29.0
5168 13.0
11060 12.0
8921 17.0
1596 52.0
5739 61.0
6905 287.0
1600 13.0
1170 104.0
3336 42.0
1127 82.0
7437 31.0
10279 31.0
2342 1.0
6123 159.0
13302 6.0
3817 9.0
6514 15.0
4576 8.0
2847 6.0
2725 16.0
8499 5.0
12427 6.0
11864 8.0
3241 64.0
8694 14.0
8401 34.0
13043 18.0
7471 45.0
3413 183.0
10332 17.0
11993 5.0
12078 7.0
867 5.0
11173 5.0
8411 13.0
3045 11.0
6334 95.0
2828 30.0
765 82.0
2294 35.0
2337 38.0
6249 209.0
4777 159.0
955 5.0
3952 62.0
6746 1.0
6739 1.0
3807 67.0
5670 14.0
1348 34.0
1009 3.0
6742 38.0
726 7.0
686 150.0
8208 57.0
7773 32.0
2564 3.0
2779 4.0
4955 152.0
861 14.0
2972 60.0
5064 50.0
3188 44.0
9494 47.0
2127 197.0
8440 20.0
8430 38.0
4658 5.0
6657 19.0
5677 1.0
8001 1.0
2920 56.0
7545 1.0
8000 1.0
2726 37.0
7786 45.0
1005 7.0
5464 3.0
4862 5.0
8133 59.0
10987 16.0
11954 3.0
8471 13.0
11855 3.0
8238 44.0
7695 13.0
8452 21.0
11305 20.0
9917 20.0
1397 38.0
8417 31.0
8458 31.0
1814 9.0
5432 5.0
5723 5.0
2716 36.0
1777 37.0
1107 60.0
5966 49.0
3893 5.0
1120 33.0
6852 47.0
4257 5.0
3015 3.0
3230 3.0
5544 66.0
5505 60.0
3921 31.0
1102 31.0
7623 197.0
1673 8.0
3135 54.0
858 26.0
515 82.0
516 104.0
1038 4.0
2821 57.0
12858 3.0
8902 3.0
8792 17.0
8337 27.0
8650 41.0
8705 5.0
4714 28.0
4390 8.0
4461 5.0
4023 48.0
4891 57.0
11116 52.0
8118 127.0
165 28.0
8975 28.0
163 28.0
10740 28.0
9734 28.0
1076 30.0
7523 3.0
7920 7.0
767 53.0
11365 9.0
11496 7.0
4826 80.0
11469 10.0
9254 10.0
5447 5.0
1889 13.0
2384 62.0
4488 2.0
984 14.0
2354 15.0
5959 64.0
8416 22.0
854 49.0
1190 38.0
8409 138.0
2483 43.0
1248 44.0
9714 27.0
9710 27.0
132 42.0
10879 29.0
11582 29.0
9893 29.0
5166 38.0
2689 27.0
4535 51.0
2799 71.0
11982 23.0
8369 81.0
9402 44.0
8460 28.0
9265 22.0
10337 16.0
9140 16.0
11642 16.0
823 23.0
4512 18.0
4093 9.0
1416 5.0
6312 54.0
1704 12.0
6965 16.0
3333 24.0
974 17.0
4306 90.0
3093 77.0
5615 5.0
4491 5.0
3779 21.0
5548 9.0
6640 6.0
6624 46.0
5482 2.0
11485 17.0
10152 2.0
10242 2.0
8178 35.0
12818 2.0
13110 2.0
8139 30.0
1969 5.0
2027 5.0
8192 19.0
8017 18.0
5569 2.0
5831 14.0
7524 9.0
4580 31.0
5154 49.0
6526 2.0
6557 12.0
1838 7.0
3468 40.0
1201 6.0
530 9.0
3504 13.0
2230 7.0
5497 14.0
2887 83.0
9915 14.0
1181 40.0
9904 40.0
10656 40.0
9341 40.0
9002 40.0
9386 40.0
11290 40.0
9846 40.0
12569 40.0
9421 40.0
3490 45.0
1033 66.0
4499 6.0
133 3.0
6245 76.0
1339 6.0
1564 19.0
6637 3.0
4801 28.0
5520 31.0
6922 3.0
6744 3.0
4286 3.0
7861 3.0
3672 19.0
2438 55.0
115 14.0
9282 14.0
10517 7.0
12027 7.0
11221 10.0
11758 7.0
12711 7.0
1943 18.0
4255 16.0
7142 8.0
1590 104.0
5528 47.0
1628 18.0
5984 16.0
8188 45.0
5151 23.0
2950 17.0
664 15.0
7479 33.0
999 15.0
7688 8.0
9111 9.0
8990 5.0
8756 8.0
2820 57.0
5956 8.0
6816 23.0
2784 8.0
1167 7.0
2013 7.0
4086 9.0
4281 4.0
3200 4.0
11191 16.0
8887 6.0
11152 4.0
9165 6.0
10536 4.0
8593 4.0
9146 4.0
3912 46.0
1319 26.0
3873 72.0
4909 40.0
4588 51.0
7766 30.0
3924 35.0
3046 14.0
3382 2.0
815 51.0
9393 6.0
5171 29.0
3786 12.0
5838 29.0
4952 75.0
2024 10.0
7968 14.0
10705 7.0
7380 74.0
7550 5.0
7048 5.0
9603 29.0
10065 68.0
1199 7.0
6253 2.0
349 54.0
12563 55.0
2180 3.0
7703 1.0
2241 1.0
2446 28.0
3113 3.0
2876 65.0
6551 65.0
10087 45.0
397 85.0
9331 85.0
396 88.0
4056 9.0
12779 18.0
3645 22.0
3990 6.0
3260 12.0
4700 6.0
2653 8.0
3598 17.0
5212 3.0
3735 19.0
11431 37.0
9313 16.0
8904 33.0
748 11.0
8632 3.0
7120 8.0
3736 10.0
7046 5.0
3796 66.0
4921 41.0
7042 5.0
8570 32.0
2870 19.0
6170 7.0
8172 4.0
10073 4.0
4104 4.0
138 50.0
140 50.0
8707 15.0
4943 39.0
2227 17.0
5825 6.0
2708 5.0
3783 5.0
3190 20.0
5649 3.0
3821 71.0
8218 33.0
7502 7.0
5173 29.0
4368 21.0
2999 22.0
11923 34.0
3264 1.0
7413 11.0
8026 1.0
5135 41.0
2124 19.0
1892 5.0
6914 6.0
4773 16.0
710 36.0
8920 15.0
12565 19.0
2225 30.0
6540 18.0
3805 20.0
4078 15.0
5626 14.0
4166 21.0
2295 14.0
5397 30.0
7679 61.0
1853 32.0
4061 9.0
4598 9.0
4559 5.0
4069 11.0
4016 5.0
3980 16.0
7384 9.0
6486 7.0
6530 1.0
8959 10.0
9495 70.0
8473 40.0
9488 26.0
9269 26.0
8389 11.0
4108 4.0
13222 4.0
9899 4.0
8298 19.0
8280 16.0
3480 4.0
8747 7.0
11949 4.0
2350 6.0
11206 4.0
10132 4.0
3142 4.0
8269 37.0
7414 32.0
6726 9.0
9649 6.0
8209 102.0
5187 6.0
12328 4.0
9149 7.0
10308 6.0
9987 4.0
10255 4.0
4897 9.0
8212 12.0
11128 4.0
4640 13.0
2108 62.0
12044 4.0
3392 4.0
10870 4.0
9918 4.0
8251 7.0
8130 107.0
8567 4.0
1374 6.0
3491 12.0
7928 12.0
6506 12.0
6073 15.0
6075 15.0
8151 17.0
7694 12.0
7692 12.0
8273 20.0
5883 17.0
2492 28.0
8867 16.0
9943 18.0
9977 18.0
10855 6.0
4723 9.0
116 9.0
7416 43.0
1270 9.0
9148 38.0
11059 3.0
8461 3.0
9162 3.0
9596 3.0
8805 3.0
8682 3.0
9332 3.0
11198 3.0
9070 3.0
3059 3.0
6139 113.0
2782 2.0
2991 2.0
921 12.0
7010 6.0
7918 6.0
2177 8.0
2015 6.0
8320 6.0
3863 6.0
4246 10.0
3793 7.0
1711 63.0
4904 9.0
2292 7.0
3265 31.0
473 4.0
13121 6.0
9559 6.0
5898 7.0
7086 11.0
2875 36.0
2858 5.0
3210 17.0
3756 9.0
5470 49.0
1017 15.0
4884 1.0
4071 2.0
4417 2.0
2328 4.0
8025 28.0
4861 2.0
7548 7.0
2833 7.0
5580 7.0
9545 14.0
2896 12.0
7615 12.0
7797 12.0
6076 13.0
2869 19.0
10441 18.0
8513 18.0
8343 18.0
10614 18.0
6520 5.0
1020 4.0
1720 6.0
2155 39.0
2252 6.0
7715 6.0
8381 27.0
7004 11.0
514 3.0
2442 30.0
8300 58.0
5801 20.0
843 20.0
3306 20.0
1837 20.0
2592 20.0
12722 20.0
2516 20.0
12114 5.0
9474 11.0
9281 16.0
9292 3.0
9863 7.0
8146 3.0
9105 3.0
4290 7.0
2327 7.0
12073 3.0
12375 7.0
10345 7.0
8141 79.0
9410 6.0
6789 33.0
770 7.0
9513 3.0
11725 3.0
8286 3.0
3208 3.0
1395 3.0
8247 3.0
11427 3.0
11462 3.0
12463 3.0
8015 3.0
8250 17.0
9653 3.0
11253 3.0
11863 114.0
2893 1.0
6509 1.0
9842 8.0
2706 33.0
10399 6.0
395 3.0
5804 3.0
8211 8.0
2397 23.0
9169 113.0
12162 3.0
10763 4.0
9861 7.0
11005 4.0
13292 4.0
8256 4.0
10843 4.0
8383 4.0
2971 36.0
5106 11.0
9998 2.0
8200 2.0
8414 15.0
5239 6.0
820 24.0
4665 60.0
4689 29.0
8040 7.0
11482 10.0
8662 10.0
926 18.0
11215 26.0
10883 26.0
8785 108.0
5517 14.0
4118 8.0
5586 25.0
4015 7.0
7349 43.0
2612 72.0
7281 6.0
10111 39.0
3219 3.0
4129 4.0
4125 6.0
4219 2.0
2234 24.0
8264 35.0
474 50.0
6894 55.0
9037 52.0
2453 88.0
3162 53.0
2244 6.0
1023 13.0
5000 2.0
1206 6.0
4164 2.0
8229 22.0
9446 3.0
8311 14.0
9240 13.0
9097 11.0
9267 7.0
2973 2.0
8262 26.0
1318 12.0
5587 17.0
5612 15.0
8665 24.0
4985 3.0
6845 14.0
1595 4.0
1981 76.0
706 2.0
9373 12.0
8449 3.0
9283 3.0
3359 3.0
8977 6.0
10227 6.0
427 6.0
5946 5.0
2947 5.0
1331 5.0
5619 5.0
5495 5.0
2388 7.0
2924 5.0
2923 5.0
2728 5.0
10676 5.0
8928 5.0
9355 11.0
12424 5.0
13220 5.0
13174 5.0
8303 5.0
8204 10.0
8474 10.0
1283 78.0
4099 11.0
3415 3.0
8428 3.0
1431 6.0
6911 5.0
5848 5.0
5100 8.0
8679 12.0
1995 15.0
166 4.0
12949 6.0
8860 6.0
8620 6.0
8424 25.0
8740 19.0
8154 32.0
8450 15.0
9405 28.0
1909 4.0
2240 8.0
6871 5.0
7284 5.0
2723 6.0
10298 5.0
9707 9.0
9433 6.0
4234 8.0
6109 2.0
4249 2.0
1219 2.0
2904 3.0
1553 2.0
1535 2.0
4024 25.0
1859 17.0
8642 8.0
9205 3.0
8936 3.0
9729 3.0
12038 3.0
9490 3.0
8361 3.0
4096 4.0
10453 6.0
8213 6.0
1018 9.0
5653 9.0
3755 3.0
3035 2.0
8559 2.0
8436 2.0
8418 2.0
11407 2.0
10538 5.0
11610 2.0
4924 2.0
4575 8.0
7541 2.0
1548 6.0
3749 14.0
5648 9.0
11633 3.0
9238 3.0
8798 3.0
9478 3.0
8625 3.0
8510 3.0
3147 3.0
10091 3.0
9831 3.0
8277 11.0
4448 3.0
6902 3.0
5929 3.0
8459 29.0
7403 66.0
5496 3.0
1796 9.0
1769 9.0
9723 3.0
9796 10.0
11038 10.0
9465 10.0
11658 10.0
8299 10.0
9450 10.0
8661 10.0
10986 10.0
12160 10.0
12063 10.0
11523 10.0
11055 10.0
9346 10.0
8778 10.0
725 13.0
5892 11.0
3988 10.0
7433 10.0
4055 10.0
4487 10.0
4834 10.0
3378 16.0
3583 10.0
1874 10.0
3808 10.0
3855 10.0
8116 3.0
5659 8.0
4167 20.0
4189 20.0
941 2.0
1992 1.0
1987 4.0
5629 90.0
8217 28.0
9568 22.0
9116 22.0
6542 21.0
1773 21.0
5389 84.0
8022 5.0
8667 5.0
12270 5.0
7946 10.0
4653 5.0
5995 5.0
8234 7.0
8963 11.0
2737 7.0
12104 3.0
8398 23.0
11884 3.0
10907 3.0
10563 3.0
10578 3.0
9860 3.0
8796 3.0
2563 2.0
3252 1.0
6335 1.0
11353 21.0
10178 21.0
11881 21.0
8112 4.0
8976 4.0
12050 7.0
12815 2.0
5422 2.0
9216 2.0
8599 13.0
6304 1.0
3140 1.0
6343 9.0
6534 9.0
2469 2.0
8588 6.0
8991 3.0
9876 3.0
8293 3.0
2591 12.0
4971 8.0
4998 11.0
8352 20.0
8615 26.0
2530 41.0
3259 3.0
12394 3.0
6985 17.0
9154 3.0
5199 13.0
7304 4.0
2020 2.0
8377 2.0
12539 5.0
9206 5.0
8741 5.0
12579 5.0
10753 5.0
10923 5.0
1812 18.0
8443 6.0
3483 10.0
3266 8.0
1649 6.0
12415 14.0
8439 7.0
9411 2.0
9608 2.0
3004 2.0
9098 2.0
8408 2.0
6897 2.0
10436 2.0
10968 2.0
11793 2.0
8454 2.0
8393 4.0
8664 2.0
3052 2.0
12426 2.0
6498 2.0
9138 10.0
961 2.0
12346 7.0
12453 2.0
9659 2.0
8853 3.0
10320 3.0
2538 15.0
10413 3.0
2597 7.0
2741 8.0
3012 5.0
6837 5.0
2707 5.0
6088 5.0
8259 5.0
3541 16.0
7460 18.0
6166 3.0
4581 4.0
7350 10.0
5101 4.0
9884 5.0
8331 9.0
13152 5.0
8576 5.0
8197 5.0
5556 1.0
13193 3.0
9007 3.0
9101 15.0
12508 3.0
2756 13.0
2134 3.0
8216 12.0
403 1.0
13078 10.0
9250 10.0
8304 10.0
2740 3.0
3985 3.0
8027 4.0
8828 2.0
8500 2.0
8360 2.0
9419 2.0
9743 2.0
8663 6.0
8163 8.0
8170 6.0
6266 3.0
9632 10.0
9137 10.0
8455 4.0
8899 5.0
2439 4.0
3625 4.0
7434 4.0
5746 4.0
8578 3.0
9777 3.0
12264 3.0
10869 3.0
1904 38.0
8201 3.0
5891 3.0
8138 3.0
8119 3.0
12481 2.0
7616 3.0
3067 8.0
3994 25.0
3143 12.0
1245 3.0
3898 3.0
3099 46.0
4526 49.0
8225 6.0
8167 11.0
8479 38.0
8720 5.0
4551 5.0
8255 37.0
8811 10.0
11627 4.0
370 4.0
11681 4.0
2441 4.0
4442 2.0
4560 2.0
4823 2.0
3420 1.0
210 3.0
2705 10.0
10589 6.0
9290 6.0
5655 6.0
4673 6.0
1846 3.0
7018 6.0
3710 6.0
5542 6.0
3014 6.0
3172 8.0
1276 6.0
8196 6.0
10523 6.0
8608 6.0
8404 10.0
12608 6.0
8647 6.0
11838 6.0
1439 4.0
5617 4.0
4258 4.0
3469 4.0
4566 4.0
4552 6.0
2586 1.0
9040 11.0
6531 2.0
5715 2.0
1200 15.0
2211 17.0
7076 15.0
4814 15.0
7921 42.0
2039 4.0
3946 2.0
6315 22.0
7597 6.0
3462 9.0
6727 16.0
2752 3.0
7515 9.0
7272 11.0
7855 9.0
2549 32.0
8187 5.0
10402 5.0
11176 5.0
10226 5.0
13050 5.0
8563 5.0
9016 5.0
8888 5.0
11792 5.0
9342 5.0
9256 9.0
10529 5.0
155 5.0
9491 6.0
2023 1.0
10481 23.0
8872 23.0
6096 3.0
6082 3.0
936 1.0
4116 3.0
1125 3.0
1506 9.0
1717 9.0
141 9.0
1521 9.0
4557 17.0
2296 17.0
9131 17.0
8818 32.0
8271 17.0
8137 17.0
9693 17.0
5961 9.0
9253 7.0
2493 7.0
4347 8.0
6812 1.0
1171 5.0
10398 6.0
2621 1.0
159 1.0
8347 2.0
3891 1.0
5763 1.0
5864 1.0
5885 27.0
5868 27.0
5843 27.0
3787 23.0
3744 11.0
3013 3.0
7079 2.0
5048 2.0
1936 28.0
3217 3.0
3918 8.0
4650 2.0
2584 2.0
1965 2.0
2404 2.0
982 2.0
4988 2.0
2096 2.0
3907 2.0
4256 2.0
2375 2.0
8903 4.0
9784 4.0
12873 4.0
1552 6.0
4284 6.0
6719 6.0
5399 6.0
8797 3.0
9645 3.0
1242 3.0
6248 6.0
8231 6.0
10022 6.0
10510 8.0
12843 4.0
2744 9.0
8380 3.0
1042 3.0
6634 3.0
1028 3.0
1304 3.0
5990 3.0
10037 4.0
10641 4.0
2794 4.0
10204 4.0
9682 4.0
848 4.0
5740 4.0
12244 12.0
1755 2.0
6505 3.0
9073 5.0
8368 5.0
1165 3.0
7072 2.0
5971 2.0
3081 17.0
975 14.0
4739 4.0
6997 2.0
4857 17.0
10282 2.0
5598 7.0
5537 7.0
6881 1.0
10842 3.0
8700 3.0
8356 3.0
9183 3.0
8848 3.0
11807 3.0
8423 3.0
6847 1.0
9197 11.0
5155 4.0
10341 2.0
5111 2.0
4840 3.0
2012 9.0
12002 4.0
11309 4.0
11613 4.0
9021 4.0
10060 4.0
8358 4.0
9401 4.0
8354 4.0
12289 4.0
10241 4.0
8874 4.0
12365 4.0
10381 4.0
2663 4.0
9397 4.0
9340 4.0
8849 4.0
12518 4.0
9579 2.0
9808 2.0
10326 2.0
2423 2.0
3941 2.0
2514 2.0
1070 2.0
6790 2.0
778 2.0
1425 2.0
4353 2.0
2131 2.0
2617 2.0
4908 2.0
2859 6.0
1880 6.0
4017 6.0
6713 6.0
3963 6.0
